[s_box, inv_s_box, w, poly_mat, inv_poly_mat]=aes_init
plaintext= [00 01 02 03 04 05 06 07 08 09 10 11 12 13 14 15]
